1033
32775
32776
32777
32778
32788
32789
32841
32881
32997
33048
33051
33063
33067
33069
33070
33073
33074
33075
33077
33078
33079
33094
33095
33096
33099
33100
33106
33108
33109
33110
33111
33112
33113
33114
33115
33116
33117
33118
33119
33120
33122
33132
33133
33134
33140
33153
33155
33156
33157
33158
33159
33160
33161
33162
33163
33164
33172
33180
33181
33182
33184
33186
33192
33194
33195
33234
33235
33237
33238
33246
33248
33545
33547
33562
33566
33575
33577
33589
33629
33635
33636
564499
564595
565025
565026
565027
565028
565029
565030
565031
565033
565034
565035
565036
565037
565041
565042
565043
565044
565045
565046
565047
565048
565051
565052
565334
565350
565352
565354
565355
565356
565360
565365
565366
565367
565368
565369
565370
565371
565378
565379
565380
565381
565382
565383
565393
565395
565396
565397
565402
565403
565407
565408
565410
565412
565414
565415
565416
565419
565420
565424
565427
565430
565431
565433
565435
565436
565438
565440
565442
565445
565448
565450
565454
565455
565456
565457
565458
565459
565461
565463
565464
565466
565468
565471
565472
565473
565477
565478
565479
565480
565481
565482
565486
565487
565488
565489
565490
565491
565492
565494
565496
565497
565498
565501
565505
565506
565508
565509
565510
565512
565513
565514
565516
565520
565521
565522
565523
565524
565525
565526
565527
565529
565531
565532
565535
565537
565547
565550
565551
565558
565559
565560
565561
565562
565563
565564
565565
565566
565571
565572
565576
565577
565578
565579
565582
565584
565585
565587
565592
565593
565594
565595
565596
565598
565600
565601
565602
565604
565605
565606
565607
565608
565609
565610
565612
565613
565616
565618
565620
565621
565622
565623
565624
565625
565627
565630
565631
565632
565633
565634
565635
565636
565637
565638
565639
565640
565641
565642
565643
565645
565646
565647
565648
565652
565654
565657
565658
565659
565660
565661
565664
565665
565666
565667
565668
565669
565671
565672
565673
565674
565675
565676
565677
565678
565680
565681
565682
565684
565689
565691
565695
565696
565705
565710
565719
565720
565721
565722
565723
565724
565726
565728
565729
565732
565733
565734
565735
565736
565737
565739
565740
565743
565744
565745
565749
565750
565753
565754
565755
565756
565757
565758
565759
565760
565764
565765
565766
565767
565768
565773
565774
565775
565780
565800
565801
565804
565805
565806
565808
565810
565813
565817
565819
565820
565822
565824
565827
565828
565829
565830
565832
565835
565840
565841
565844
565845
565850
565851
565857
565859
565861
565864
565865
565868
565869
565877
565878
565881
565883
565884
565885
565888
565889
565894
565896
565898
565900
565902
565903
565904
565905
565906
565912
565913
565914
565925
565926
565950
565951
565955
565957
565958
565961
565962
565964
565965
565968
565969
565970
565971
565973
565974
565975
565976
565978
565979
565980
565981
565982
565983
565986
565994
565997
565998
565999
566000
566002
566003
566004
566005
566006
566007
566010
566011
566012
566013
566018
566022
566023
566026
566028
566031
566038
566040
566044
566048
566049
566054
566055
566057
566058
566059
566065
566066
566067
566068
566069
566072
566073
566074
566079
566080
566081
566082
566083
566090
566091
566092
566093
566095
566112
566134
566159
566224
566225
566226
566259
566260
566261
566262
566263
566277
566278
566280
566289
566293
566297
566298
566306
566309
566310
566314
566315
566316
566320
566321
566324
566327
566328
566342
566343
566344
566354
566362
566363
566368
566370
566391
566392
566393
566394
566399
566403
566404
566412
566414
566415
566416
566422
566423
566432
566442
566447
566449
566451
566459
566467
566468
566472
566474
566475
566483
566486
566492
566496
566535
566557
566590
566591
566592
566593
566596
566597
566598
566599
566600
566601
566602
566603
566604
566605
566607
566608
566610
566611
566612
566614
566615
566616
566623
566624
566625
566626
566627
566628
566629
566631
566634
566635
566636
566637
566638
566639
566641
566643
566644
566645
566646
566647
566648
566650
566651
566652
566653
566654
566655
566656
566657
566658
566660
566662
566664
566666
566668
566669
566670
566671
566673
566674
566677
566678
566679
566680
566681
566682
566684
566686
566711
566712
566714
566716
566717
566718
566719
566720
566722
566724
566725
566726
566728
566730
566731
566732
566734
566735
566737
566738
566739
566740
566741
566742
566743
566744
566745
566747
566748
566749
566750
566751
566753
566754
566755
566756
566757
566758
566759
566761
566762
566763
566764
566765
566766
566767
566768
566769
566770
566772
566773
566775
566776
566777
566778
566779
566781
566783
566784
566785
566786
566787
566788
566789
566793
566794
566795
566796
566798
566799
566801
566802
566803
566804
566805
566806
566821
566864
566865
566871
566874
566877
566895
566941
566942
566943
566944
566945
566946
566947
566948
566949
566956
566957
566958
566960
566963
566965
566966
566967
566968
566969
566970
566971
566972
566974
566975
566976
566977
566978
566979
566980
566981
566982
566983
566984
566985
566986
566987
566988
566989
566990
566991
566992
566993
566996
566997
566999
567002
567003
567007
567008
567009
567010
567011
567016
567021
567023
567025
567027
567041
567058
567059
567061
567063
567067
567071
567072
567073
567074
567075
567076
567077
567078
567081
567082
567087
567088
567089
567091
567094
567095
567097
567098
567099
567109
567110
567111
567116
567125
567129
567130
567133
567134
567135
567137
567138
567139
567149
567157
567157
567159
567163
567167
567173
567175
567183
567184
567188
567190
567191
567193
567194
567199
567202
567203
567204
567205
567207
567208
567209
567212
567220
567222
567224
567231
567232
567236
567238
567241
567244
567245
567248
567256
567257
567258
567260
567261
567263
567264
567265
567266
567267
567269
567270
567285
567286
567287
567290
567291
567292
567293
567294
567295
567298
567299
567303
567306
567310
567313
567315
567319
567320
567322
567323
567326
567328
567336
567342
567347
567353
567354
567355
567357
567376
567381
567387
567389
567409
567411
567413
567415
567417
567422
567439
567440
567441
567442
567443
567457
567459
567461
567465
567467
567469
567470
567474
567481
567483
567485
567488
567489
567491
567492
567494
567497
567498
567500
567505
567506
567510
567515
567522
567524
567526
567527
567528
567530
567531
567537
567538
567542
567546
567547
567553
567557
567568
567574
567580
567585
567589
567591
567596
567598
567600
567601
567602
567603
567604
567605
567609
567610
567615
567617
567618
567619
567622
567626
567640
567646
567658
567693
567694
567699
567701
567709
567715
567718
567741
567744
567745
567747
567759
567759
567760
567760
567767
567865
567875
567882
567883
567884
567885
567888
567889
567890
567891
567892
567893
567895
567896
567897
567964
568020
568027
568030
568046
568054
568056
568059
568061
568064
568065
568066
568068
568069
568072
568074
568075
568097
568098
568099
568100
568101
568102
568104
568106
568109
568110
568112
568113
568114
568115
568116
568117
568118
568119
568120
568121
568122
568171
568172
568173
568174
568175
568176
568177
568178
568179
568181
568182
568183
568184
568185
568186
568209
568297
568298
568313
568471
568755
568849
568850
568864
569113
446.98
274.312
249.574
271.965
220.379
256.042
250.176
279.329
274.961
425.445
353.013
371.782
250.524
173.016
237.699
518.471
324.86
236.825
304.134
304.141
343.676
257.297
429.838
914.484
202.746
246.947
377.416
280.564
336.404
310.811
377.416
303.618
206.464
293.909
374.052
245.008
245.042
350.005
372.291
325.035
352.209
273.544
292.662
315.726
415.165
218.773
244.703
331.855
314.551
188.45
250.102
461.012
331.855
307.228
370.227
235.335
360.395
408.697
333.02
348.784
298.11
238.147
257.722
387.316
336.306
551.784
314.696
1111.201
416.215
171.394
823.261
517.855
322.31
380.625
279.342
451.678
418.393
351.001
319.219
136.177
277.985
2029.692
1096.024
2346.039
1366.484
408.191
748.165
827.782
563.028
577.898
1322.606
861.984
408.191
896.784
758.891
1463.873
314.878
914.185
1531.77
647.035
640.069
1649.266
471.047
207.063
213.456
441.38
479.381
410.235
390.133
410.945
222.139
305.446
225.317
206.318
217.036
243.603
305.403
275.818
327.673
369.398
342.947
333.526
488.2
273.544
346.109
304.091
229.318
362.901
500.165
319.828
312.936
276.215
347.267
426.453
469.928
338.218
417.148
408.922
411.603
274.312
512.331
424.217
309.245
341.048
644.516
403.579
302.3
311.241
267.646
344.598
292.879
238.361
211.509
418.393
302.585
350.993
279.687
404.629
320.208
303.439
303.293
425.147
634.768
434.346
465.08
465.08
333.209
219.368
497.307
323.573
402.472
353.756
303.416
326.073
500.513
405.263
307.03
338.328
403.571
416.655
375.721
311.352
353.756
432.111
354.19
280.376
353.232
386.569
505.151
418.972
478.58
403.681
474.278
338.444
534.208
357.16
534.74
252.05
411.899
418.16
306.03
457.652
464.81
417.574
321.268
405.263
531.208
730.589
312.817
364.884
297.202
297.202
360.14
523.162
269.139
314.551
348.297
321.743
404.511
335.46
389.371
369.292
343.731
273.596
397.539
406.756
534.74
621.4
212.478
380.693
280.313
316.764
307.79
607.193
322.859
412.367
209.559
463.88
420.091
349.196
429.421
303.439
302.682
439.131
321.013
407.798
408.392
320.736
327.282
342.947
352.899
309.226
195.087
377.86
230.979
312.331
316.134
318.182
212.484
374.97
307.299
469.607
309.332
433.795
238.399
375.047
381.748
369.162
370.985
411.45
463.071
404.868
399.329
334.806
320.208
335.031
465.258
364.917
408.392
212.484
440.3
548.812
576.806
406.577
457.652
446.626
248.898
406.786
189.012
423.729
380.455
437.786
522.289
292.78
430.509
404.868
297.071
305.166
420.115
430.183
289.107
204.684
406.947
382.03
412.367
386.748
303.18
291.497
483.859
349.196
442.871
510.265
254.268
303.76
303.432
335.703
441.156
335.703
325.331
435.13
423.729
321.743
336.627
340.633
259.764
255.61
407.415
375.591
340.346
255.61
386.372
292.562
379.778
416.215
375.721
596.246
514.667
404.511
472.531
326.073
258.403
303.232
369.156
303.232
450.815
316.134
295.513
389.894
411.459
380.455
318.946
355.221
367.548
413.246
198.899
320.178
371.311
406.468
294.709
229.339
269.102
239.259
496.993
340.633
390.769
342.526
403.809
305.895
341.41
238.354
321.013
306.502
423.44
302.713
302.62
337.904
298.11
392.06
400.06
338.375
423.44
456.488
406.654
426.221
302.713
343.767
350.998
352.887
348.784
307.082
332.569
307.457
267.95
282.292
372.367
312.008
412.287
314.927
359.293
304.681
366.665
206.113
412.638
404.626
338.375
253.606
304.267
352.887
233.744
233.744
308.983
319.62
316.105
367.018
306.116
425.445
334.481
317.064
238.354
400.06
392.1
327.613
302.884
403.973
350.988
367.921
409.393
341.441
302.62
278.881
301.275
309.655
376.662
440.898
405.7
420.754
514.622
896.523
737.023
331.61
564.104
306.294
382.027
722.988
333.978
404.081
358.159
628.806
201.75
409.462
322.859
307.082
331.671
297.061
564.104
325.591
311.886
376.662
533.609
458.811
429.13
319.62
327.613
302.973
257.676
315.595
353.12
341.41
373.937
322.502
282.771
318.349
333.638
358.621
325.939
325.939
322.751
264.135
302.544
407.126
240.819
323.31
341.603
337.817
293.715
267.256
285.888
343.95
249.574
223.745
254.975
121.091
220.944
344.596
312.331
213.46
486.818
217.465
323.949
217.788
239.505
227.308
328.852
225.317
361.95
292.245
227.308
309.917
337.314
315.096
261.647
315.096
303.065
210.516
333.511
441.38
214.436
230.814
259.026
319.471
234.322
366.383
257.297
217.053
128.825
239.857
279.329
403.386
419.824
238.891
222.286
209.546
239.554
281.409
161.578
323.31
242.493
602.687
418.094
377.134
219.57
350.541
403.364
303.148
218.872
374.052
375.968
275.813
337.305
233.518
330.877
304.134
317.648
314.108
307.544
320.813
382.552
304.099
283.51
323.143
203.67
222.156
371.261
339.272
311.463
277.245
318.311
241.075
336.341
320.854
329.823
281.577
326.44
280.564
317.553
331.2
380.927
246.549
339.277
366.596
251.245
285.888
308.048
288.486
336.341
326.795
244.408
398.836
203.67
225.316
367.006
276.209
335.893
285.042
303.608
285.491
103.783
302.733
247.456
215.521
371.261
266.912
335.34
469.887
310.755
304.637
308.048
312.99
278.022
278.881
148.4
258.689
252.158
315.004
316.276
488.83
218.327
207.014
272.018
543.092
414.411
675.894
612.994
383.003
391.06
307.979
285.557
347.347
206.125
314.423
272.742
302.823
612.739
343.208
513.484
537.206
345.069
315.004
441.824
314.159
463.903
364.032
350.005
364.707
294.846
317.324
543.092
330.264
877.553
454.328
305.024
326.994
330.671
652.989
266.7
207.014
664.088
307.979
358.575
399.013
1050.747
354.566
404.449
505.964
567.074
436.755
708.076
418.008
950.703
504.318
212.472
399.222
328.554
275.174
612.739
217.053
218.432
308.172
275.857
397.695
205.009
275.826
197.559
339.076
842.528
366.031
299.611
339.708
471.623
414.197
267.952
363.681
1173.66
505.143
295.513
404.693
621.359
510.055
440.97
440.97
359.19
344.634
201.965
860.861
294.788
302.911
835.284
448.388
811.387
423.266
401.032
396.002
416.45
390.836
435.826
352.802
609.526
403.806
420.065
376.659
310.47
496.973
649.729
461.131
467.693
310.47
497.635
412.804
753.612
1188.646
801.405
801.405
268.978
522.512
696.678
479.729
250.102
248.898
390.836
531.575
412.804
307.089
574.198
878.178
625.702
416.45
308.438
497.99
302.585
226.21
212.48
425.241
269.589
333.511
343.451
261.647
269.589
161.289
608.809
251.542
280.622
429.838
246.549
319.39
318.349
229.904
449.817
215.521
443.223
320.713
320.366
234.28
302.843
266.91
315.132
259.722
257.676
291.43
203.713
332.569
219.362
315.557
297.136
321.579
239.995
261.57
323.269
479.011
689.232
416.781
420.454
421.569
498.304
412.066
478.021
575.534
391.49
317.941
252.158
274.136
653.841
307.928
317.227
410.107
303.357
307.139
333.962
354.566
401.032
288.592
500.165
708.696
327.312
285.042
239.857
400.595
268.978
467.504
453.568
285.557
516.5
398.858
315.548
1110.463
244.28
373.937
352.116
285.882
469.267
466.714
279.317
321.268
331.973
350.993
306.576
412.066
360.075
293.834
482.743
344.139
376.472
312.008
359.532
508.568
304.305
230.116
315.88
369.084
297.836
468.322
411.713
405.608
325.331
449.365
279.94
563.028
267.11
309.519
486.818
354.19
302.645
545.587
348.525
333.608
107.679
206.125
302.869
356.326
311.886
304.537
352.452
255.447
397.695
200.609
475.755
206.923
244.28
236.96
317.324
352.987
493.36
255.447
255.609
294.846
277.985
307.802
350.616
347.459
380.483
811.37
342.526
302.167
354.795
361.031
256.025
350.998
315.632
613.174
304.513
236.543
430.183
303.401
253.606
453.568
371.883
810.249
360.073
615.236
229.904
326.01
504.256
411.942
279.313
414.197
450.815
531.705
553.677
407.987
230.878
281.295
517.855
361.219
534.254
545.587
332.335
196.968
412.378
190.333
207.314
202.631
475.995
351.886
281.869
618.512
317.941
542.472
404.31
254.845
317.766
307.03
300.44
1011.904
416.133
267.646
608.7
842.528
1033.891
252.05
335.036
357.944
198.127
183.765
195.452
233.506
476.844
298.114
259.722
313.017
126.096
219.362
318.311
326.795
309.519
214.319
374.97
467.693
687.707
393.841
415.573
400.474
404.081
366.536
446.31
103.075
202.774
367.584
410.46
359.314
263.438
233.755
528.19
303.815
1426.698
320.689
819.788
208.475
687.71
433.102
443.676
281.577
317.766
505.495
278.877
336.514
331.2
270.001
472.652
200.609
283.89
252.151
615.57
279.755
675.894
280.368
323.638
221.406
615.57
381.609
343.51
212.159
229.318
244.437
206.595
307.341
204.172
325.54
238.891
317.263
203.213
323.949
203.213
374.323
213.947
748.165
1183.439
1183.439
2735.798
233.518
351.001
233.518
279.342
305.403
197.559